  1001    SYN -1263275.08658  -780258.14171      0.000      0.000
  1002    SYN -1263860.88975  -706275.20310      0.000      0.000
  1003    SYN -1264388.25166  -632194.12583      0.000      0.000
  1004    SYN -1264857.12840  -558025.20371      0.000      0.000
  1005    SYN -1265267.48097  -483778.74272      0.000      0.000
  1006    SYN -1265619.27519  -409465.05962      0.000      0.000
  1007    SYN -1265912.48179  -335094.48047      0.000      0.000
  1008    SYN -1266147.07637  -260677.33925      0.000      0.000
  1009    SYN -1266323.03939  -186223.97638      0.000      0.000
  1010    SYN -1266440.35621  -111744.73731      0.000      0.000
  1011    SYN -1266499.01706   -37249.97109      0.000      0.000
  1012    SYN -1266499.01706    37249.97109      0.000      0.000
  1013    SYN -1266440.35621   111744.73731      0.000      0.000
  1014    SYN -1266323.03939   186223.97638      0.000      0.000
  1015    SYN -1266147.07637   260677.33925      0.000      0.000
  1016    SYN -1265912.48179   335094.48047      0.000      0.000
  1017    SYN -1265619.27519   409465.05962      0.000      0.000
  1018    SYN -1265267.48097   483778.74272      0.000      0.000
  1019    SYN -1264857.12840   558025.20371      0.000      0.000
  1020    SYN -1264388.25166   632194.12583      0.000      0.000
  1021    SYN -1263860.88975   706275.20310      0.000      0.000
  1022    SYN -1263275.08658   780258.14171      0.000      0.000
  1023    SYN -1189874.58732  -780855.19793      0.000      0.000
  1024    SYN -1190426.18405  -706815.54678      0.000      0.000
  1025    SYN -1190922.75203  -632677.71201      0.000      0.000
  1026    SYN -1191364.24992  -558451.99215      0.000      0.000
  1027    SYN -1191750.64098  -484148.69790      0.000      0.000
  1028    SYN -1192081.89307  -409778.15074      0.000      0.000
  1029    SYN -1192357.97860  -335350.68148      0.000      0.000
  1030    SYN -1192578.87461  -260876.62882      0.000      0.000
  1031    SYN -1192744.56270  -186366.33792      0.000      0.000
  1032    SYN -1192855.02910  -111830.15898      0.000      0.000
  1033    SYN -1192910.26459   -37278.44577      0.000      0.000
  1034    SYN -1192910.26459    37278.44577      0.000      0.000
  1035    SYN -1192855.02910   111830.15898      0.000      0.000
  1036    SYN -1192744.56270   186366.33792      0.000      0.000
  1037    SYN -1192578.87461   260876.62882      0.000      0.000
  1038    SYN -1192357.97860   335350.68148      0.000      0.000
  1039    SYN -1192081.89307   409778.15074      0.000      0.000
  1040    SYN -1191750.64098   484148.69790      0.000      0.000
  1041    SYN -1191364.24992   558451.99215      0.000      0.000
  1042    SYN -1190922.75203   632677.71201      0.000      0.000
  1043    SYN -1190426.18405   706815.54678      0.000      0.000
  1044    SYN -1189874.58732   780855.19793      0.000      0.000
  1045    SYN -1116309.02580  -781416.31806      0.000      0.000
  1046    SYN -1116826.37025  -707323.36782      0.000      0.000
  1047    SYN -1117292.10302  -633132.19171      0.000      0.000
  1048    SYN -1117706.18536  -558853.09268      0.000      0.000
  1049    SYN -1118068.58281  -484496.38589      0.000      0.000
  1050    SYN -1118379.26523  -410072.39725      0.000      0.000
  1051    SYN -1118638.20676  -335591.46203      0.000      0.000
  1052    SYN -1118845.38584  -261063.92336      0.000      0.000
  1053    SYN -1119000.78524  -186500.13087      0.000      0.000
  1054    SYN -1119104.39203  -111910.43920      0.000      0.000
  1055    SYN -1119156.19757   -37305.20659      0.000      0.000
  1056    SYN -1119156.19757    37305.20659      0.000      0.000
  1057    SYN -1119104.39203   111910.43920      0.000      0.000
  1058    SYN -1119000.78524   186500.13087      0.000      0.000
  1059    SYN -1118845.38584   261063.92336      0.000      0.000
  1060    SYN -1118638.20676   335591.46203      0.000      0.000
  1061    SYN -1118379.26523   410072.39725      0.000      0.000
  1062    SYN -1118068.58281   484496.38589      0.000      0.000
  1063    SYN -1117706.18536   558853.09268      0.000      0.000
  1064    SYN -1117292.10302   633132.19171      0.000      0.000
  1065    SYN -1116826.37025   707323.36782      0.000      0.000
  1066    SYN -1116309.02580   781416.31806      0.000      0.000
  1067    SYN -1042588.60729  -781941.45546      0.000      0.000
  1068    SYN -1043071.65643  -707798.62401      0.000      0.000
  1069    SYN -1043506.51528  -633557.52714      0.000      0.000
  1070    SYN -1043893.14766  -559228.47196      0.000      0.000
  1071    SYN -1044231.52138  -484821.77778      0.000      0.000
  1072    SYN -1044521.60831  -410347.77469      0.000      0.000
  1073    SYN -1044763.38431  -335816.80210      0.000      0.000
  1074    SYN -1044956.82925  -261239.20731      0.000      0.000
  1075    SYN -1045101.92704  -186625.34411      0.000      0.000
  1076    SYN -1045198.66561  -111985.57132      0.000      0.000
  1077    SYN -1045247.03691   -37330.25132      0.000      0.000
  1078    SYN -1045247.03691    37330.25132      0.000      0.000
  1079    SYN -1045198.66561   111985.57132      0.000      0.000
  1080    SYN -1045101.92704   186625.34411      0.000      0.000
  1081    SYN -1044956.82925   261239.20731      0.000      0.000
  1082    SYN -1044763.38431   335816.80210      0.000      0.000
  1083    SYN -1044521.60831   410347.77469      0.000      0.000
  1084    SYN -1044231.52138   484821.77778      0.000      0.000
  1085    SYN -1043893.14766   559228.47196      0.000      0.000
  1086    SYN -1043506.51528   633557.52714      0.000      0.000
  1087    SYN -1043071.65643   707798.62401      0.000      0.000
  1088    SYN -1042588.60729   781941.45546      0.000      0.000
  1089    SYN  -968723.55850  -782430.56648      0.000      0.000
  1090    SYN  -969172.27219  -708241.27583      0.000      0.000
  1091    SYN  -969576.22097  -633953.68294      0.000      0.000
  1092    SYN  -969935.37123  -559578.09879      0.000      0.000
  1093    SYN  -970249.69310  -485124.84655      0.000      0.000
  1094    SYN  -970519.16043  -410604.26018      0.000      0.000
  1095    SYN  -970743.75080  -336026.68297      0.000      0.000
  1096    SYN  -970923.44553  -261402.46610      0.000      0.000
  1097    SYN  -971058.22965  -186741.96724      0.000      0.000
  1098    SYN  -971148.09197  -112055.54907      0.000      0.000
  1099    SYN  -971193.02499   -37353.57788      0.000      0.000
  1100    SYN  -971193.02499    37353.57788      0.000      0.000
  1101    SYN  -971148.09197   112055.54907      0.000      0.000
  1102    SYN  -971058.22965   186741.96724      0.000      0.000
  1103    SYN  -970923.44553   261402.46610      0.000      0.000
  1104    SYN  -970743.75080   336026.68297      0.000      0.000
  1105    SYN  -970519.16043   410604.26018      0.000      0.000
  1106    SYN  -970249.69310   485124.84655      0.000      0.000
  1107    SYN  -969935.37123   559578.09879      0.000      0.000
  1108    SYN  -969576.22097   633953.68294      0.000      0.000
  1109    SYN  -969172.27219   708241.27583      0.000      0.000
  1110    SYN  -968723.55850   782430.56648      0.000      0.000
  1111    SYN  -894724.12621  -782883.61044      0.000      0.000
  1112    SYN  -895138.46714  -708651.28648      0.000      0.000
  1113    SYN  -895511.47226  -634320.62619      0.000      0.000
  1114    SYN  -895843.11056  -559901.94410      0.000      0.000
  1115    SYN  -896133.35445  -485405.56699      0.000      0.000
  1116    SYN  -896382.17978  -410841.83240      0.000      0.000
  1117    SYN  -896589.56586  -336221.08720      0.000      0.000
  1118    SYN  -896755.49543  -261553.68617      0.000      0.000
  1119    SYN  -896879.95468  -186849.99056      0.000      0.000
  1120    SYN  -896962.93327  -112120.36666      0.000      0.000
  1121    SYN  -897004.42430   -37375.18435      0.000      0.000
  1122    SYN  -897004.42430    37375.18435      0.000      0.000
  1123    SYN  -896962.93327   112120.36666      0.000      0.000
  1124    SYN  -896879.95468   186849.99056      0.000      0.000
  1125    SYN  -896755.49543   261553.68617      0.000      0.000
  1126    SYN  -896589.56586   336221.08720      0.000      0.000
  1127    SYN  -896382.17978   410841.83240      0.000      0.000
  1128    SYN  -896133.35445   485405.56699      0.000      0.000
  1129    SYN  -895843.11056   559901.94410      0.000      0.000
  1130    SYN  -895511.47226   634320.62619      0.000      0.000
  1131    SYN  -895138.46714   708651.28648      0.000      0.000
  1132    SYN  -894724.12621   782883.61044      0.000      0.000
  1133    SYN  -820600.57584  -783300.54967      0.000      0.000
  1134    SYN  -820980.50955  -709028.62188      0.000      0.000
  1135    SYN  -821322.54001  -634658.32637      0.000      0.000
  1136    SYN  -821626.63877  -560199.98098      0.000      0.000
  1137    SYN  -821892.78054  -485663.91578      0.000      0.000
  1138    SYN  -822120.94319  -411060.47160      0.000      0.000
  1139    SYN  -822311.10774  -336399.99862      0.000      0.000
  1140    SYN  -822463.25836  -261692.85493      0.000      0.000
  1141    SYN  -822577.38240  -186949.40509      0.000      0.000
  1142    SYN  -822653.47037  -112180.01869      0.000      0.000
  1143    SYN  -822691.51594   -37395.06891      0.000      0.000
  1144    SYN  -822691.51594    37395.06891      0.000      0.000
  1145    SYN  -822653.47037   112180.01869      0.000      0.000
  1146    SYN  -822577.38240   186949.40509      0.000      0.000
  1147    SYN  -822463.25836   261692.85493      0.000      0.000
  1148    SYN  -822311.10774   336399.99862      0.000      0.000
  1149    SYN  -822120.94319   411060.47160      0.000      0.000
  1150    SYN  -821892.78054   485663.91578      0.000      0.000
  1151    SYN  -821626.63877   560199.98098      0.000      0.000
  1152    SYN  -821322.54001   634658.32637      0.000      0.000
  1153    SYN  -820980.50955   709028.62188      0.000      0.000
  1154    SYN  -820600.57584   783300.54967      0.000      0.000
  1155    SYN  -746363.19000  -783681.34950      0.000      0.000
  1156    SYN  -746708.68490  -709373.25065      0.000      0.000
  1157    SYN  -747019.71225  -634966.75541      0.000      0.000
  1158    SYN  -747296.24619  -560472.18464      0.000      0.000
  1159    SYN  -747538.26372  -485899.87142      0.000      0.000
  1160    SYN  -747745.74472  -411260.15960      0.000      0.000
  1161    SYN  -747918.67193  -336563.40237      0.000      0.000
  1162    SYN  -748057.03095  -261819.96083      0.000      0.000
  1163    SYN  -748160.81029  -187040.20257      0.000      0.000
  1164    SYN  -748230.00132  -112234.50020      0.000      0.000
  1165    SYN  -748264.59827   -37413.22991      0.000      0.000
  1166    SYN  -748264.59827    37413.22991      0.000      0.000
  1167    SYN  -748230.00132   112234.50020      0.000      0.000
  1168    SYN  -748160.81029   187040.20257      0.000      0.000
  1169    SYN  -748057.03095   261819.96083      0.000      0.000
  1170    SYN  -747918.67193   336563.40237      0.000      0.000
  1171    SYN  -747745.74472   411260.15960      0.000      0.000
  1172    SYN  -747538.26372   485899.87142      0.000      0.000
  1173    SYN  -747296.24619   560472.18464      0.000      0.000
  1174    SYN  -747019.71225   634966.75541      0.000      0.000
  1175    SYN  -746708.68490   709373.25065      0.000      0.000
  1176    SYN  -746363.19000   783681.34950      0.000      0.000
  1177    SYN  -672022.26709  -784025.97827      0.000      0.000
  1178    SYN  -672333.29444  -709685.14413      0.000      0.000
  1179    SYN  -672613.29282  -635245.88766      0.000      0.000
  1180    SYN  -672862.23895  -560718.53246      0.000      0.000
  1181    SYN  -673080.11212  -486113.41431      0.000      0.000
  1182    SYN  -673266.89422  -411440.87980      0.000      0.000
  1183    SYN  -673422.56971  -336711.28485      0.000      0.000
  1184    SYN  -673547.12564  -261934.99330      0.000      0.000
  1185    SYN  -673640.55165  -187122.37546      0.000      0.000
  1186    SYN  -673702.83998  -112283.80666      0.000      0.000
  1187    SYN  -673733.98544   -37429.66586      0.000      0.000
  1188    SYN  -673733.98544    37429.66586      0.000      0.000
  1189    SYN  -673702.83998   112283.80666      0.000      0.000
  1190    SYN  -673640.55165   187122.37546      0.000      0.000
  1191    SYN  -673547.12564   261934.99330      0.000      0.000
  1192    SYN  -673422.56971   336711.28485      0.000      0.000
  1193    SYN  -673266.89422   411440.87980      0.000      0.000
  1194    SYN  -673080.11212   486113.41431      0.000      0.000
  1195    SYN  -672862.23895   560718.53246      0.000      0.000
  1196    SYN  -672613.29282   635245.88766      0.000      0.000
  1197    SYN  -672333.29444   709685.14413      0.000      0.000
  1198    SYN  -672022.26709   784025.97827      0.000      0.000
  1199    SYN  -597588.11985  -784334.40731      0.000      0.000
  1200    SYN  -597864.65380  -709964.27638      0.000      0.000
  1201    SYN  -598113.59993  -635495.69992      0.000      0.000
  1202    SYN  -598334.93754  -560939.00394      0.000      0.000
  1203    SYN  -598528.64824  -486304.52669      0.000      0.000
  1204    SYN  -598694.71590  -411602.61718      0.000      0.000
  1205    SYN  -598833.12673  -336843.63379      0.000      0.000
  1206    SYN  -598943.86921  -262037.94278      0.000      0.000
  1207    SYN  -599026.93413  -187195.91691      0.000      0.000
  1208    SYN  -599082.31458  -112327.93398      0.000      0.000
  1209    SYN  -599110.00596   -37444.37537      0.000      0.000
  1210    SYN  -599110.00596    37444.37537      0.000      0.000
  1211    SYN  -599082.31458   112327.93398      0.000      0.000
  1212    SYN  -599026.93413   187195.91691      0.000      0.000
  1213    SYN  -598943.86921   262037.94278      0.000      0.000
  1214    SYN  -598833.12673   336843.63379      0.000      0.000
  1215    SYN  -598694.71590   411602.61718      0.000      0.000
  1216    SYN  -598528.64824   486304.52669      0.000      0.000
  1217    SYN  -598334.93754   560939.00394      0.000      0.000
  1218    SYN  -598113.59993   635495.69992      0.000      0.000
  1219    SYN  -597864.65380   709964.27638      0.000      0.000
  1220    SYN  -597588.11985   784334.40731      0.000      0.000
  1221    SYN  -523071.07398  -784606.61097      0.000      0.000
  1222    SYN  -523313.09152  -710210.62420      0.000      0.000
  1223    SYN  -523530.96469  -635716.17141      0.000      0.000
  1224    SYN  -523724.67538  -561133.58077      0.000      0.000
  1225    SYN  -523894.20749  -486473.19267      0.000      0.000
  1226    SYN  -524039.54692  -411745.35830      0.000      0.000
  1227    SYN  -524160.68158  -336960.43816      0.000      0.000
  1228    SYN  -524257.60140  -262128.80070      0.000      0.000
  1229    SYN  -524330.29832  -187260.82083      0.000      0.000
  1230    SYN  -524378.76629  -112366.87849      0.000      0.000
  1231    SYN  -524403.00128   -37457.35723      0.000      0.000
  1232    SYN  -524403.00128    37457.35723      0.000      0.000
  1233    SYN  -524378.76629   112366.87849      0.000      0.000
  1234    SYN  -524330.29832   187260.82083      0.000      0.000
  1235    SYN  -524257.60140   262128.80070      0.000      0.000
  1236    SYN  -524160.68158   336960.43816      0.000      0.000
  1237    SYN  -524039.54692   411745.35830      0.000      0.000
  1238    SYN  -523894.20749   486473.19267      0.000      0.000
  1239    SYN  -523724.67538   561133.58077      0.000      0.000
  1240    SYN  -523530.96469   635716.17141      0.000      0.000
  1241    SYN  -523313.09152   710210.62420      0.000      0.000
  1242    SYN  -523071.07398   784606.61097      0.000      0.000
  1243    SYN  -448481.46664  -784842.56662      0.000      0.000
  1244    SYN  -448688.94764  -710424.16709      0.000      0.000
  1245    SYN  -448875.72973  -635907.28379      0.000      0.000
  1246    SYN  -449041.79740  -561302.24675      0.000      0.000
  1247    SYN  -449187.13683  -486619.39823      0.000      0.000
  1248    SYN  -449311.73593  -411869.09127      0.000      0.000
  1249    SYN  -449415.58436  -337061.68827      0.000      0.000
  1250    SYN  -449498.67346  -262207.55952      0.000      0.000
  1251    SYN  -449560.99633  -187317.08180      0.000      0.000
  1252    SYN  -449602.54779  -112400.63695      0.000      0.000
  1253    SYN  -449623.32439   -37468.61037      0.000      0.000
  1254    SYN  -449623.32439    37468.61037      0.000      0.000
  1255    SYN  -449602.54779   112400.63695      0.000      0.000
  1256    SYN  -449560.99633   187317.08180      0.000      0.000
  1257    SYN  -449498.67346   262207.55952      0.000      0.000
  1258    SYN  -449415.58436   337061.68827      0.000      0.000
  1259    SYN  -449311.73593   411869.09127      0.000      0.000
  1260    SYN  -449187.13683   486619.39823      0.000      0.000
  1261    SYN  -449041.79740   561302.24675      0.000      0.000
  1262    SYN  -448875.72973   635907.28379      0.000      0.000
  1263    SYN  -448688.94764   710424.16709      0.000      0.000
  1264    SYN  -448481.46664   784842.56662      0.000      0.000
  1265    SYN  -373829.64506  -785042.25462      0.000      0.000
  1266    SYN  -374002.57226  -710604.88729      0.000      0.000
  1267    SYN  -374158.24775  -636069.02117      0.000      0.000
  1268    SYN  -374296.65858  -561444.98786      0.000      0.000
  1269    SYN  -374417.79324  -486743.13121      0.000      0.000
  1270    SYN  -374521.64166  -411973.80582      0.000      0.000
  1271    SYN  -374608.19520  -337147.37568      0.000      0.000
  1272    SYN  -374677.44668  -262274.21268      0.000      0.000
  1273    SYN  -374729.39033  -187364.69516      0.000      0.000
  1274    SYN  -374764.02183  -112429.20655      0.000      0.000
  1275    SYN  -374781.33829   -37478.13383      0.000      0.000
  1276    SYN  -374781.33829    37478.13383      0.000      0.000
  1277    SYN  -374764.02183   112429.20655      0.000      0.000
  1278    SYN  -374729.39033   187364.69516      0.000      0.000
  1279    SYN  -374677.44668   262274.21268      0.000      0.000
  1280    SYN  -374608.19520   337147.37568      0.000      0.000
  1281    SYN  -374521.64166   411973.80582      0.000      0.000
  1282    SYN  -374417.79324   486743.13121      0.000      0.000
  1283    SYN  -374296.65858   561444.98786      0.000      0.000
  1284    SYN  -374158.24775   636069.02117      0.000      0.000
  1285    SYN  -374002.57226   710604.88729      0.000      0.000
  1286    SYN  -373829.64506   785042.25462      0.000      0.000
  1287    SYN  -299125.96509  -785205.65836      0.000      0.000
  1288    SYN  -299264.32412  -710752.76978      0.000      0.000
  1289    SYN  -299388.88005  -636201.37010      0.000      0.000
  1290    SYN  -299499.62253  -561561.79224      0.000      0.000
  1291    SYN  -299596.54235  -486844.38131      0.000      0.000
  1292    SYN  -299679.63145  -412059.49324      0.000      0.000
  1293    SYN  -299748.88292  -337217.49329      0.000      0.000
  1294    SYN  -299804.29102  -262328.75464      0.000      0.000
  1295    SYN  -299845.85112  -187403.65695      0.000      0.000
  1296    SYN  -299873.55977  -112452.58491      0.000      0.000
  1297    SYN  -299887.41468   -37485.92683      0.000      0.000
  1298    SYN  -299887.41468    37485.92683      0.000      0.000
  1299    SYN  -299873.55977   112452.58491      0.000      0.000
  1300    SYN  -299845.85112   187403.65695      0.000      0.000
  1301    SYN  -299804.29102   262328.75464      0.000      0.000
  1302    SYN  -299748.88292   337217.49329      0.000      0.000
  1303    SYN  -299679.63145   412059.49324      0.000      0.000
  1304    SYN  -299596.54235   486844.38131      0.000      0.000
  1305    SYN  -299499.62253   561561.79224      0.000      0.000
  1306    SYN  -299388.88005   636201.37010      0.000      0.000
  1307    SYN  -299264.32412   710752.76978      0.000      0.000
  1308    SYN  -299125.96509   785205.65836      0.000      0.000
  1309    SYN  -224380.78979  -785332.76426      0.000      0.000
  1310    SYN  -224484.56913  -710867.80225      0.000      0.000
  1311    SYN  -224577.99515  -636304.31958      0.000      0.000
  1312    SYN  -224661.06006  -561652.65016      0.000      0.000
  1313    SYN  -224733.75698  -486923.14013      0.000      0.000
  1314    SYN  -224796.07986  -412126.14640      0.000      0.000
  1315    SYN  -224848.02350  -337272.03525      0.000      0.000
  1316    SYN  -224889.58360  -262371.18087      0.000      0.000
  1317    SYN  -224920.75670  -187433.96392      0.000      0.000
  1318    SYN  -224941.54021  -112470.77010      0.000      0.000
  1319    SYN  -224951.93240   -37491.98873      0.000      0.000
  1320    SYN  -224951.93240    37491.98873      0.000      0.000
  1321    SYN  -224941.54021   112470.77010      0.000      0.000
  1322    SYN  -224920.75670   187433.96392      0.000      0.000
  1323    SYN  -224889.58360   262371.18087      0.000      0.000
  1324    SYN  -224848.02350   337272.03525      0.000      0.000
  1325    SYN  -224796.07986   412126.14640      0.000      0.000
  1326    SYN  -224733.75698   486923.14013      0.000      0.000
  1327    SYN  -224661.06006   561652.65016      0.000      0.000
  1328    SYN  -224577.99515   636304.31958      0.000      0.000
  1329    SYN  -224484.56913   710867.80225      0.000      0.000
  1330    SYN  -224380.78979   785332.76426      0.000      0.000
  1331    SYN  -149604.48795  -785423.56174      0.000      0.000
  1332    SYN  -149673.67898  -710949.97513      0.000      0.000
  1333    SYN  -149735.96730  -636377.86103      0.000      0.000
  1334    SYN  -149791.34775  -561717.55407      0.000      0.000
  1335    SYN  -149839.81572  -486979.40110      0.000      0.000
  1336    SYN  -149881.36719  -412173.75976      0.000      0.000
  1337    SYN  -149915.99868  -337310.99704      0.000      0.000
  1338    SYN  -149943.70734  -262401.48784      0.000      0.000
  1339    SYN  -149964.49084  -187455.61356      0.000      0.000
  1340    SYN  -149978.34748  -112483.76061      0.000      0.000
  1341    SYN  -149985.27608   -37496.31902      0.000      0.000
  1342    SYN  -149985.27608    37496.31902      0.000      0.000
  1343    SYN  -149978.34748   112483.76061      0.000      0.000
  1344    SYN  -149964.49084   187455.61356      0.000      0.000
  1345    SYN  -149943.70734   262401.48784      0.000      0.000
  1346    SYN  -149915.99868   337310.99704      0.000      0.000
  1347    SYN  -149881.36719   412173.75976      0.000      0.000
  1348    SYN  -149839.81572   486979.40110      0.000      0.000
  1349    SYN  -149791.34775   561717.55407      0.000      0.000
  1350    SYN  -149735.96730   636377.86103      0.000      0.000
  1351    SYN  -149673.67898   710949.97513      0.000      0.000
  1352    SYN  -149604.48795   785423.56174      0.000      0.000
  1353    SYN   -74807.43269  -785478.04326      0.000      0.000
  1354    SYN   -74842.02964  -710999.28160      0.000      0.000
  1355    SYN   -74873.17510  -636421.98835      0.000      0.000
  1356    SYN   -74900.86648  -561756.49858      0.000      0.000
  1357    SYN   -74925.10147  -487013.15956      0.000      0.000
  1358    SYN   -74945.87807  -412202.32936      0.000      0.000
  1359    SYN   -74963.19453  -337334.37540      0.000      0.000
  1360    SYN   -74977.04944  -262419.67303      0.000      0.000
  1361    SYN   -74987.44162  -187468.60406      0.000      0.000
  1362    SYN   -74994.37023  -112491.55534      0.000      0.000
  1363    SYN   -74997.83467   -37498.91734      0.000      0.000
  1364    SYN   -74997.83467    37498.91734      0.000      0.000
  1365    SYN   -74994.37023   112491.55534      0.000      0.000
  1366    SYN   -74987.44162   187468.60406      0.000      0.000
  1367    SYN   -74977.04944   262419.67303      0.000      0.000
  1368    SYN   -74963.19453   337334.37540      0.000      0.000
  1369    SYN   -74945.87807   412202.32936      0.000      0.000
  1370    SYN   -74925.10147   487013.15956      0.000      0.000
  1371    SYN   -74900.86648   561756.49858      0.000      0.000
  1372    SYN   -74873.17510   636421.98835      0.000      0.000
  1373    SYN   -74842.02964   710999.28160      0.000      0.000
  1374    SYN   -74807.43269   785478.04326      0.000      0.000
  1375    SYN       -0.00000  -785496.20426      0.000      0.000
  1376    SYN       -0.00000  -711015.71754      0.000      0.000
  1377    SYN       -0.00000  -636436.69787      0.000      0.000
  1378    SYN       -0.00000  -561769.48044      0.000      0.000
  1379    SYN       -0.00000  -487024.41269      0.000      0.000
  1380    SYN       -0.00000  -412211.85282      0.000      0.000
  1381    SYN       -0.00000  -337342.16841      0.000      0.000
  1382    SYN       -0.00000  -262425.73493      0.000      0.000
  1383    SYN       -0.00000  -187472.93434      0.000      0.000
  1384    SYN       -0.00000  -112494.15366      0.000      0.000
  1385    SYN       -0.00000   -37499.78347      0.000      0.000
  1386    SYN        0.00000    37499.78347      0.000      0.000
  1387    SYN        0.00000   112494.15366      0.000      0.000
  1388    SYN        0.00000   187472.93434      0.000      0.000
  1389    SYN        0.00000   262425.73493      0.000      0.000
  1390    SYN        0.00000   337342.16841      0.000      0.000
  1391    SYN        0.00000   412211.85282      0.000      0.000
  1392    SYN        0.00000   487024.41269      0.000      0.000
  1393    SYN        0.00000   561769.48044      0.000      0.000
  1394    SYN        0.00000   636436.69787      0.000      0.000
  1395    SYN        0.00000   711015.71754      0.000      0.000
  1396    SYN        0.00000   785496.20426      0.000      0.000
  1397    SYN    74807.43269  -785478.04326      0.000      0.000
  1398    SYN    74842.02964  -710999.28160      0.000      0.000
  1399    SYN    74873.17510  -636421.98835      0.000      0.000
  1400    SYN    74900.86648  -561756.49858      0.000      0.000
  1401    SYN    74925.10147  -487013.15956      0.000      0.000
  1402    SYN    74945.87807  -412202.32936      0.000      0.000
  1403    SYN    74963.19453  -337334.37540      0.000      0.000
  1404    SYN    74977.04944  -262419.67303      0.000      0.000
  1405    SYN    74987.44162  -187468.60406      0.000      0.000
  1406    SYN    74994.37023  -112491.55534      0.000      0.000
  1407    SYN    74997.83467   -37498.91734      0.000      0.000
  1408    SYN    74997.83467    37498.91734      0.000      0.000
  1409    SYN    74994.37023   112491.55534      0.000      0.000
  1410    SYN    74987.44162   187468.60406      0.000      0.000
  1411    SYN    74977.04944   262419.67303      0.000      0.000
  1412    SYN    74963.19453   337334.37540      0.000      0.000
  1413    SYN    74945.87807   412202.32936      0.000      0.000
  1414    SYN    74925.10147   487013.15956      0.000      0.000
  1415    SYN    74900.86648   561756.49858      0.000      0.000
  1416    SYN    74873.17510   636421.98835      0.000      0.000
  1417    SYN    74842.02964   710999.28160      0.000      0.000
  1418    SYN    74807.43269   785478.04326      0.000      0.000
  1419    SYN   149604.48795  -785423.56174      0.000      0.000
  1420    SYN   149673.67898  -710949.97513      0.000      0.000
  1421    SYN   149735.96730  -636377.86103      0.000      0.000
  1422    SYN   149791.34775  -561717.55407      0.000      0.000
  1423    SYN   149839.81572  -486979.40110      0.000      0.000
  1424    SYN   149881.36719  -412173.75976      0.000      0.000
  1425    SYN   149915.99868  -337310.99704      0.000      0.000
  1426    SYN   149943.70734  -262401.48784      0.000      0.000
  1427    SYN   149964.49084  -187455.61356      0.000      0.000
  1428    SYN   149978.34748  -112483.76061      0.000      0.000
  1429    SYN   149985.27608   -37496.31902      0.000      0.000
  1430    SYN   149985.27608    37496.31902      0.000      0.000
  1431    SYN   149978.34748   112483.76061      0.000      0.000
  1432    SYN   149964.49084   187455.61356      0.000      0.000
  1433    SYN   149943.70734   262401.48784      0.000      0.000
  1434    SYN   149915.99868   337310.99704      0.000      0.000
  1435    SYN   149881.36719   412173.75976      0.000      0.000
  1436    SYN   149839.81572   486979.40110      0.000      0.000
  1437    SYN   149791.34775   561717.55407      0.000      0.000
  1438    SYN   149735.96730   636377.86103      0.000      0.000
  1439    SYN   149673.67898   710949.97513      0.000      0.000
  1440    SYN   149604.48795   785423.56174      0.000      0.000
  1441    SYN   224380.78979  -785332.76426      0.000      0.000
  1442    SYN   224484.56913  -710867.80225      0.000      0.000
  1443    SYN   224577.99515  -636304.31958      0.000      0.000
  1444    SYN   224661.06006  -561652.65016      0.000      0.000
  1445    SYN   224733.75698  -486923.14013      0.000      0.000
  1446    SYN   224796.07986  -412126.14640      0.000      0.000
  1447    SYN   224848.02350  -337272.03525      0.000      0.000
  1448    SYN   224889.58360  -262371.18087      0.000      0.000
  1449    SYN   224920.75670  -187433.96392      0.000      0.000
  1450    SYN   224941.54021  -112470.77010      0.000      0.000
  1451    SYN   224951.93240   -37491.98873      0.000      0.000
  1452    SYN   224951.93240    37491.98873      0.000      0.000
  1453    SYN   224941.54021   112470.77010      0.000      0.000
  1454    SYN   224920.75670   187433.96392      0.000      0.000
  1455    SYN   224889.58360   262371.18087      0.000      0.000
  1456    SYN   224848.02350   337272.03525      0.000      0.000
  1457    SYN   224796.07986   412126.14640      0.000      0.000
  1458    SYN   224733.75698   486923.14013      0.000      0.000
  1459    SYN   224661.06006   561652.65016      0.000      0.000
  1460    SYN   224577.99515   636304.31958      0.000      0.000
  1461    SYN   224484.56913   710867.80225      0.000      0.000
  1462    SYN   224380.78979   785332.76426      0.000      0.000
  1463    SYN   299125.96509  -785205.65836      0.000      0.000
  1464    SYN   299264.32412  -710752.76978      0.000      0.000
  1465    SYN   299388.88005  -636201.37010      0.000      0.000
  1466    SYN   299499.62253  -561561.79224      0.000      0.000
  1467    SYN   299596.54235  -486844.38131      0.000      0.000
  1468    SYN   299679.63145  -412059.49324      0.000      0.000
  1469    SYN   299748.88292  -337217.49329      0.000      0.000
  1470    SYN   299804.29102  -262328.75464      0.000      0.000
  1471    SYN   299845.85112  -187403.65695      0.000      0.000
  1472    SYN   299873.55977  -112452.58491      0.000      0.000
  1473    SYN   299887.41468   -37485.92683      0.000      0.000
  1474    SYN   299887.41468    37485.92683      0.000      0.000
  1475    SYN   299873.55977   112452.58491      0.000      0.000
  1476    SYN   299845.85112   187403.65695      0.000      0.000
  1477    SYN   299804.29102   262328.75464      0.000      0.000
  1478    SYN   299748.88292   337217.49329      0.000      0.000
  1479    SYN   299679.63145   412059.49324      0.000      0.000
  1480    SYN   299596.54235   486844.38131      0.000      0.000
  1481    SYN   299499.62253   561561.79224      0.000      0.000
  1482    SYN   299388.88005   636201.37010      0.000      0.000
  1483    SYN   299264.32412   710752.76978      0.000      0.000
  1484    SYN   299125.96509   785205.65836      0.000      0.000
  1485    SYN   373829.64506  -785042.25462      0.000      0.000
  1486    SYN   374002.57226  -710604.88729      0.000      0.000
  1487    SYN   374158.24775  -636069.02117      0.000      0.000
  1488    SYN   374296.65858  -561444.98786      0.000      0.000
  1489    SYN   374417.79324  -486743.13121      0.000      0.000
  1490    SYN   374521.64166  -411973.80582      0.000      0.000
  1491    SYN   374608.19520  -337147.37568      0.000      0.000
  1492    SYN   374677.44668  -262274.21268      0.000      0.000
  1493    SYN   374729.39033  -187364.69516      0.000      0.000
  1494    SYN   374764.02183  -112429.20655      0.000      0.000
  1495    SYN   374781.33829   -37478.13383      0.000      0.000
  1496    SYN   374781.33829    37478.13383      0.000      0.000
  1497    SYN   374764.02183   112429.20655      0.000      0.000
  1498    SYN   374729.39033   187364.69516      0.000      0.000
  1499    SYN   374677.44668   262274.21268      0.000      0.000
  1500    SYN   374608.19520   337147.37568      0.000      0.000
  1501    SYN   374521.64166   411973.80582      0.000      0.000
  1502    SYN   374417.79324   486743.13121      0.000      0.000
  1503    SYN   374296.65858   561444.98786      0.000      0.000
  1504    SYN   374158.24775   636069.02117      0.000      0.000
  1505    SYN   374002.57226   710604.88729      0.000      0.000
  1506    SYN   373829.64506   785042.25462      0.000      0.000
  1507    SYN   448481.46664  -784842.56662      0.000      0.000
  1508    SYN   448688.94764  -710424.16709      0.000      0.000
  1509    SYN   448875.72973  -635907.28379      0.000      0.000
  1510    SYN   449041.79740  -561302.24675      0.000      0.000
  1511    SYN   449187.13683  -486619.39823      0.000      0.000
  1512    SYN   449311.73593  -411869.09127      0.000      0.000
  1513    SYN   449415.58436  -337061.68827      0.000      0.000
  1514    SYN   449498.67346  -262207.55952      0.000      0.000
  1515    SYN   449560.99633  -187317.08180      0.000      0.000
  1516    SYN   449602.54779  -112400.63695      0.000      0.000
  1517    SYN   449623.32439   -37468.61037      0.000      0.000
  1518    SYN   449623.32439    37468.61037      0.000      0.000
  1519    SYN   449602.54779   112400.63695      0.000      0.000
  1520    SYN   449560.99633   187317.08180      0.000      0.000
  1521    SYN   449498.67346   262207.55952      0.000      0.000
  1522    SYN   449415.58436   337061.68827      0.000      0.000
  1523    SYN   449311.73593   411869.09127      0.000      0.000
  1524    SYN   449187.13683   486619.39823      0.000      0.000
  1525    SYN   449041.79740   561302.24675      0.000      0.000
  1526    SYN   448875.72973   635907.28379      0.000      0.000
  1527    SYN   448688.94764   710424.16709      0.000      0.000
  1528    SYN   448481.46664   784842.56662      0.000      0.000
  1529    SYN   523071.07398  -784606.61097      0.000      0.000
  1530    SYN   523313.09152  -710210.62420      0.000      0.000
  1531    SYN   523530.96469  -635716.17141      0.000      0.000
  1532    SYN   523724.67538  -561133.58077      0.000      0.000
  1533    SYN   523894.20749  -486473.19267      0.000      0.000
  1534    SYN   524039.54692  -411745.35830      0.000      0.000
  1535    SYN   524160.68158  -336960.43816      0.000      0.000
  1536    SYN   524257.60140  -262128.80070      0.000      0.000
  1537    SYN   524330.29832  -187260.82083      0.000      0.000
  1538    SYN   524378.76629  -112366.87849      0.000      0.000
  1539    SYN   524403.00128   -37457.35723      0.000      0.000
  1540    SYN   524403.00128    37457.35723      0.000      0.000
  1541    SYN   524378.76629   112366.87849      0.000      0.000
  1542    SYN   524330.29832   187260.82083      0.000      0.000
  1543    SYN   524257.60140   262128.80070      0.000      0.000
  1544    SYN   524160.68158   336960.43816      0.000      0.000
  1545    SYN   524039.54692   411745.35830      0.000      0.000
  1546    SYN   523894.20749   486473.19267      0.000      0.000
  1547    SYN   523724.67538   561133.58077      0.000      0.000
  1548    SYN   523530.96469   635716.17141      0.000      0.000
  1549    SYN   523313.09152   710210.62420      0.000      0.000
  1550    SYN   523071.07398   784606.61097      0.000      0.000
  1551    SYN   597588.11985  -784334.40731      0.000      0.000
  1552    SYN   597864.65380  -709964.27638      0.000      0.000
  1553    SYN   598113.59993  -635495.69992      0.000      0.000
  1554    SYN   598334.93754  -560939.00394      0.000      0.000
  1555    SYN   598528.64824  -486304.52669      0.000      0.000
  1556    SYN   598694.71590  -411602.61718      0.000      0.000
  1557    SYN   598833.12673  -336843.63379      0.000      0.000
  1558    SYN   598943.86921  -262037.94278      0.000      0.000
  1559    SYN   599026.93413  -187195.91691      0.000      0.000
  1560    SYN   599082.31458  -112327.93398      0.000      0.000
  1561    SYN   599110.00596   -37444.37537      0.000      0.000
  1562    SYN   599110.00596    37444.37537      0.000      0.000
  1563    SYN   599082.31458   112327.93398      0.000      0.000
  1564    SYN   599026.93413   187195.91691      0.000      0.000
  1565    SYN   598943.86921   262037.94278      0.000      0.000
  1566    SYN   598833.12673   336843.63379      0.000      0.000
  1567    SYN   598694.71590   411602.61718      0.000      0.000
  1568    SYN   598528.64824   486304.52669      0.000      0.000
  1569    SYN   598334.93754   560939.00394      0.000      0.000
  1570    SYN   598113.59993   635495.69992      0.000      0.000
  1571    SYN   597864.65380   709964.27638      0.000      0.000
  1572    SYN   597588.11985   784334.40731      0.000      0.000
  1573    SYN   672022.26709  -784025.97827      0.000      0.000
  1574    SYN   672333.29444  -709685.14413      0.000      0.000
  1575    SYN   672613.29282  -635245.88766      0.000      0.000
  1576    SYN   672862.23895  -560718.53246      0.000      0.000
  1577    SYN   673080.11212  -486113.41431      0.000      0.000
  1578    SYN   673266.89422  -411440.87980      0.000      0.000
  1579    SYN   673422.56971  -336711.28485      0.000      0.000
  1580    SYN   673547.12564  -261934.99330      0.000      0.000
  1581    SYN   673640.55165  -187122.37546      0.000      0.000
  1582    SYN   673702.83998  -112283.80666      0.000      0.000
  1583    SYN   673733.98544   -37429.66586      0.000      0.000
  1584    SYN   673733.98544    37429.66586      0.000      0.000
  1585    SYN   673702.83998   112283.80666      0.000      0.000
  1586    SYN   673640.55165   187122.37546      0.000      0.000
  1587    SYN   673547.12564   261934.99330      0.000      0.000
  1588    SYN   673422.56971   336711.28485      0.000      0.000
  1589    SYN   673266.89422   411440.87980      0.000      0.000
  1590    SYN   673080.11212   486113.41431      0.000      0.000
  1591    SYN   672862.23895   560718.53246      0.000      0.000
  1592    SYN   672613.29282   635245.88766      0.000      0.000
  1593    SYN   672333.29444   709685.14413      0.000      0.000
  1594    SYN   672022.26709   784025.97827      0.000      0.000
  1595    SYN   746363.19000  -783681.34950      0.000      0.000
  1596    SYN   746708.68490  -709373.25065      0.000      0.000
  1597    SYN   747019.71225  -634966.75541      0.000      0.000
  1598    SYN   747296.24619  -560472.18464      0.000      0.000
  1599    SYN   747538.26372  -485899.87142      0.000      0.000
  1600    SYN   747745.74472  -411260.15960      0.000      0.000
  1601    SYN   747918.67193  -336563.40237      0.000      0.000
  1602    SYN   748057.03095  -261819.96083      0.000      0.000
  1603    SYN   748160.81029  -187040.20257      0.000      0.000
  1604    SYN   748230.00132  -112234.50020      0.000      0.000
  1605    SYN   748264.59827   -37413.22991      0.000      0.000
  1606    SYN   748264.59827    37413.22991      0.000      0.000
  1607    SYN   748230.00132   112234.50020      0.000      0.000
  1608    SYN   748160.81029   187040.20257      0.000      0.000
  1609    SYN   748057.03095   261819.96083      0.000      0.000
  1610    SYN   747918.67193   336563.40237      0.000      0.000
  1611    SYN   747745.74472   411260.15960      0.000      0.000
  1612    SYN   747538.26372   485899.87142      0.000      0.000
  1613    SYN   747296.24619   560472.18464      0.000      0.000
  1614    SYN   747019.71225   634966.75541      0.000      0.000
  1615    SYN   746708.68490   709373.25065      0.000      0.000
  1616    SYN   746363.19000   783681.34950      0.000      0.000
  1617    SYN   820600.57584  -783300.54967      0.000      0.000
  1618    SYN   820980.50955  -709028.62188      0.000      0.000
  1619    SYN   821322.54001  -634658.32637      0.000      0.000
  1620    SYN   821626.63877  -560199.98098      0.000      0.000
  1621    SYN   821892.78054  -485663.91578      0.000      0.000
  1622    SYN   822120.94319  -411060.47160      0.000      0.000
  1623    SYN   822311.10774  -336399.99862      0.000      0.000
  1624    SYN   822463.25836  -261692.85493      0.000      0.000
  1625    SYN   822577.38240  -186949.40509      0.000      0.000
  1626    SYN   822653.47037  -112180.01869      0.000      0.000
  1627    SYN   822691.51594   -37395.06891      0.000      0.000
  1628    SYN   822691.51594    37395.06891      0.000      0.000
  1629    SYN   822653.47037   112180.01869      0.000      0.000
  1630    SYN   822577.38240   186949.40509      0.000      0.000
  1631    SYN   822463.25836   261692.85493      0.000      0.000
  1632    SYN   822311.10774   336399.99862      0.000      0.000
  1633    SYN   822120.94319   411060.47160      0.000      0.000
  1634    SYN   821892.78054   485663.91578      0.000      0.000
  1635    SYN   821626.63877   560199.98098      0.000      0.000
  1636    SYN   821322.54001   634658.32637      0.000      0.000
  1637    SYN   820980.50955   709028.62188      0.000      0.000
  1638    SYN   820600.57584   783300.54967      0.000      0.000
  1639    SYN   894724.12621  -782883.61044      0.000      0.000
  1640    SYN   895138.46714  -708651.28648      0.000      0.000
  1641    SYN   895511.47226  -634320.62619      0.000      0.000
  1642    SYN   895843.11056  -559901.94410      0.000      0.000
  1643    SYN   896133.35445  -485405.56699      0.000      0.000
  1644    SYN   896382.17978  -410841.83240      0.000      0.000
  1645    SYN   896589.56586  -336221.08720      0.000      0.000
  1646    SYN   896755.49543  -261553.68617      0.000      0.000
  1647    SYN   896879.95468  -186849.99056      0.000      0.000
  1648    SYN   896962.93327  -112120.36666      0.000      0.000
  1649    SYN   897004.42430   -37375.18435      0.000      0.000
  1650    SYN   897004.42430    37375.18435      0.000      0.000
  1651    SYN   896962.93327   112120.36666      0.000      0.000
  1652    SYN   896879.95468   186849.99056      0.000      0.000
  1653    SYN   896755.49543   261553.68617      0.000      0.000
  1654    SYN   896589.56586   336221.08720      0.000      0.000
  1655    SYN   896382.17978   410841.83240      0.000      0.000
  1656    SYN   896133.35445   485405.56699      0.000      0.000
  1657    SYN   895843.11056   559901.94410      0.000      0.000
  1658    SYN   895511.47226   634320.62619      0.000      0.000
  1659    SYN   895138.46714   708651.28648      0.000      0.000
  1660    SYN   894724.12621   782883.61044      0.000      0.000
  1661    SYN   968723.55850  -782430.56648      0.000      0.000
  1662    SYN   969172.27219  -708241.27583      0.000      0.000
  1663    SYN   969576.22097  -633953.68294      0.000      0.000
  1664    SYN   969935.37123  -559578.09879      0.000      0.000
  1665    SYN   970249.69310  -485124.84655      0.000      0.000
  1666    SYN   970519.16043  -410604.26018      0.000      0.000
  1667    SYN   970743.75080  -336026.68297      0.000      0.000
  1668    SYN   970923.44553  -261402.46610      0.000      0.000
  1669    SYN   971058.22965  -186741.96724      0.000      0.000
  1670    SYN   971148.09197  -112055.54907      0.000      0.000
  1671    SYN   971193.02499   -37353.57788      0.000      0.000
  1672    SYN   971193.02499    37353.57788      0.000      0.000
  1673    SYN   971148.09197   112055.54907      0.000      0.000
  1674    SYN   971058.22965   186741.96724      0.000      0.000
  1675    SYN   970923.44553   261402.46610      0.000      0.000
  1676    SYN   970743.75080   336026.68297      0.000      0.000
  1677    SYN   970519.16043   410604.26018      0.000      0.000
  1678    SYN   970249.69310   485124.84655      0.000      0.000
  1679    SYN   969935.37123   559578.09879      0.000      0.000
  1680    SYN   969576.22097   633953.68294      0.000      0.000
  1681    SYN   969172.27219   708241.27583      0.000      0.000
  1682    SYN   968723.55850   782430.56648      0.000      0.000
  1683    SYN  1042588.60729  -781941.45546      0.000      0.000
  1684    SYN  1043071.65643  -707798.62401      0.000      0.000
  1685    SYN  1043506.51528  -633557.52714      0.000      0.000
  1686    SYN  1043893.14766  -559228.47196      0.000      0.000
  1687    SYN  1044231.52138  -484821.77778      0.000      0.000
  1688    SYN  1044521.60831  -410347.77469      0.000      0.000
  1689    SYN  1044763.38431  -335816.80210      0.000      0.000
  1690    SYN  1044956.82925  -261239.20731      0.000      0.000
  1691    SYN  1045101.92704  -186625.34411      0.000      0.000
  1692    SYN  1045198.66561  -111985.57132      0.000      0.000
  1693    SYN  1045247.03691   -37330.25132      0.000      0.000
  1694    SYN  1045247.03691    37330.25132      0.000      0.000
  1695    SYN  1045198.66561   111985.57132      0.000      0.000
  1696    SYN  1045101.92704   186625.34411      0.000      0.000
  1697    SYN  1044956.82925   261239.20731      0.000      0.000
  1698    SYN  1044763.38431   335816.80210      0.000      0.000
  1699    SYN  1044521.60831   410347.77469      0.000      0.000
  1700    SYN  1044231.52138   484821.77778      0.000      0.000
  1701    SYN  1043893.14766   559228.47196      0.000      0.000
  1702    SYN  1043506.51528   633557.52714      0.000      0.000
  1703    SYN  1043071.65643   707798.62401      0.000      0.000
  1704    SYN  1042588.60729   781941.45546      0.000      0.000
  1705    SYN  1116309.02580  -781416.31806      0.000      0.000
  1706    SYN  1116826.37025  -707323.36782      0.000      0.000
  1707    SYN  1117292.10302  -633132.19171      0.000      0.000
  1708    SYN  1117706.18536  -558853.09268      0.000      0.000
  1709    SYN  1118068.58281  -484496.38589      0.000      0.000
  1710    SYN  1118379.26523  -410072.39725      0.000      0.000
  1711    SYN  1118638.20676  -335591.46203      0.000      0.000
  1712    SYN  1118845.38584  -261063.92336      0.000      0.000
  1713    SYN  1119000.78524  -186500.13087      0.000      0.000
  1714    SYN  1119104.39203  -111910.43920      0.000      0.000
  1715    SYN  1119156.19757   -37305.20659      0.000      0.000
  1716    SYN  1119156.19757    37305.20659      0.000      0.000
  1717    SYN  1119104.39203   111910.43920      0.000      0.000
  1718    SYN  1119000.78524   186500.13087      0.000      0.000
  1719    SYN  1118845.38584   261063.92336      0.000      0.000
  1720    SYN  1118638.20676   335591.46203      0.000      0.000
  1721    SYN  1118379.26523   410072.39725      0.000      0.000
  1722    SYN  1118068.58281   484496.38589      0.000      0.000
  1723    SYN  1117706.18536   558853.09268      0.000      0.000
  1724    SYN  1117292.10302   633132.19171      0.000      0.000
  1725    SYN  1116826.37025   707323.36782      0.000      0.000
  1726    SYN  1116309.02580   781416.31806      0.000      0.000
  1727    SYN  1189874.58732  -780855.19793      0.000      0.000
  1728    SYN  1190426.18405  -706815.54678      0.000      0.000
  1729    SYN  1190922.75203  -632677.71201      0.000      0.000
  1730    SYN  1191364.24992  -558451.99215      0.000      0.000
  1731    SYN  1191750.64098  -484148.69790      0.000      0.000
  1732    SYN  1192081.89307  -409778.15074      0.000      0.000
  1733    SYN  1192357.97860  -335350.68148      0.000      0.000
  1734    SYN  1192578.87461  -260876.62882      0.000      0.000
  1735    SYN  1192744.56270  -186366.33792      0.000      0.000
  1736    SYN  1192855.02910  -111830.15898      0.000      0.000
  1737    SYN  1192910.26459   -37278.44577      0.000      0.000
  1738    SYN  1192910.26459    37278.44577      0.000      0.000
  1739    SYN  1192855.02910   111830.15898      0.000      0.000
  1740    SYN  1192744.56270   186366.33792      0.000      0.000
  1741    SYN  1192578.87461   260876.62882      0.000      0.000
  1742    SYN  1192357.97860   335350.68148      0.000      0.000
  1743    SYN  1192081.89307   409778.15074      0.000      0.000
  1744    SYN  1191750.64098   484148.69790      0.000      0.000
  1745    SYN  1191364.24992   558451.99215      0.000      0.000
  1746    SYN  1190922.75203   632677.71201      0.000      0.000
  1747    SYN  1190426.18405   706815.54678      0.000      0.000
  1748    SYN  1189874.58732   780855.19793      0.000      0.000
  1749    SYN  1263275.08658  -780258.14171      0.000      0.000
  1750    SYN  1263860.88975  -706275.20310      0.000      0.000
  1751    SYN  1264388.25166  -632194.12583      0.000      0.000
  1752    SYN  1264857.12840  -558025.20371      0.000      0.000
  1753    SYN  1265267.48097  -483778.74272      0.000      0.000
  1754    SYN  1265619.27519  -409465.05962      0.000      0.000
  1755    SYN  1265912.48179  -335094.48047      0.000      0.000
  1756    SYN  1266147.07637  -260677.33925      0.000      0.000
  1757    SYN  1266323.03939  -186223.97638      0.000      0.000
  1758    SYN  1266440.35621  -111744.73731      0.000      0.000
  1759    SYN  1266499.01706   -37249.97109      0.000      0.000
  1760    SYN  1266499.01706    37249.97109      0.000      0.000
  1761    SYN  1266440.35621   111744.73731      0.000      0.000
  1762    SYN  1266323.03939   186223.97638      0.000      0.000
  1763    SYN  1266147.07637   260677.33925      0.000      0.000
  1764    SYN  1265912.48179   335094.48047      0.000      0.000
  1765    SYN  1265619.27519   409465.05962      0.000      0.000
  1766    SYN  1265267.48097   483778.74272      0.000      0.000
  1767    SYN  1264857.12840   558025.20371      0.000      0.000
  1768    SYN  1264388.25166   632194.12583      0.000      0.000
  1769    SYN  1263860.88975   706275.20310      0.000      0.000
  1770    SYN  1263275.08658   780258.14171      0.000      0.000
