*   852   2011    196 (Removed SHUK - no channel 3)
*   697   2012    266 (134 S and 132 sS phases measured; ArrivalList.dat only has S)
*   535   2013    201 (Removed FS16B - no orientation)
*   314   2014    142 
*    28   2015    127 
*   829   2011    195 (Removed J48A - no orientation)
*   828   2012    205 (Removed J48A - no orientation)
*   606   2013    187 (Removed FS16B, FS10B, FS17B - no orientation)
*   328   2014    140 (Picked later phase? sS?)
*    24   2015    124 
*   839   2011    183
*   634   2012    203 (Removed FS17B, FS16B, FS14B - no orientation)
*   511   2013    185 (Removed G04B - no orientation)
*   352   2014    130
*    97   2015    123
*   830   2011    182 (Removed J48A - no orientation)
-------STARTED TRACKING POLARITY CHANGES IN PLOTS--------
*   783   2012    198 (Removed J48A - no orientation)
*   509   2013    176 (Removed FS16B - no orientation)
*   312   2014    126
*    57   2015    119 

*   834   2011    178
*   791   2012    197
*   507   2013    166
*   165   2014    123
*    65   2015    119

*   844   2011    178 (Removed SHUK - no channel 3)
*   817   2012    194
*   615   2013    164 (Removed G04B - no orientation)
*   148   2014    121
*    72   2015    119 

*   864   2011    176 (Removed SHUK - no channel 3)
*   819   2012    186
*   528   2013    162
*   282   2014    119
*    98   2015    119

*   842   2011    172 (Removed SHUK - no channel 3)
*   816   2012    184
*   529   2013    162
*   287   2014    119
*    10   2015    118 

*   843   2011    170
*   809   2012    182
*   562   2013    162 (Removed G04B - no orientation/ channel 3)
*   321   2014    117 (Removed GB350 - no orientation)
*    62   2015    116 

*   869   2011    170
*   802   2012    181
*   523   2013    159
*   160   2014    115
*    43   2015    115 

*   871   2011    167 (Removed SHUK - no channel 3)
*   810   2012    179
*   538   2013    158 (Removed G04B - no orientation)
*   329   2014    115
*    32   2015    114 

*   883   2011    162
*   665   2012    178 (Removed FS08B - no orientation)
*   548   2013    158
*   345   2014    115
*   120   2015    114

*   891   2011    160
*   815   2012    172
*   510   2013    157
*   351   2014    115
*     9   2015    113 

   853   2011    159 
   666   2012    171 
   532   2013    156 
   343   2014    112 
   103   2015    113 
   901   2011    158 
   668   2012    167 
   587   2013    154 
   363   2014    111 
    21   2015    110 
   939   2011    157 
   796   2012    167 
   534   2013    153 
   214   2014    110 
   117   2015    110 
   859   2011    154 
   811   2012    167 
   547   2013    153 
   372   2014    110 
    99   2015    108 
   923   2011    151 
   798   2012    162 
   551   2013    152 
   326   2014    109 
    60   2015    107 
   848   2011    150 
   821   2012    161 
   550   2013    151 
   366   2014    106 
   108   2015    106 
   894   2011    147 
   651   2012    160 
   525   2013    150 
   369   2014    106 
   131   2015    105 
   841   2011    146 
   820   2012    159 
   569   2013    146 
   256   2014    104 
    40   2015    104 
   906   2011    144 
   763   2012    158 
   580   2013    145 
   327   2014    104 
    53   2015    103 
   872   2011    143 
   643   2012    155 
   520   2013    143 
   354   2014    103 
   116   2015    103 
   930   2011    143 
   675   2012    152 
   604   2013    143 
   285   2014    101 
   130   2015    103 
   921   2011    142 
   688   2012    150 
   517   2013    142 
   306   2014    101 
   101   2015    102 
   920   2011    141 
   750   2012    150 
   422   2013    139 
   259   2014    100 
    26   2015    101 
   942   2011    141 
   779   2012    150 
   549   2013    130 
   280   2014     99 
    55   2015    101 
   874   2011    139 
   780   2012    148 
   603   2013    130 
   289   2014     99 
   105   2015    101 
   893   2011    139 
   640   2012    145 
   559   2013    128 
   294   2014     98 
     6   2015    100 
   922   2011    139 
   751   2012    145 
   451   2013    126 
   295   2014     97 
   122   2015     98 
   907   2011    138 
   692   2012    144 
   403   2013    123 
   183   2014     96 
    50   2015     97 
   938   2011    138 
   756   2012    144 
   585   2013    121 
   382   2014     96 
    58   2015     95 
   878   2011    137 
   654   2012    143 
   579   2013    120 
   215   2014     95 
    12   2015     94 
   912   2011    135 
   778   2012    142 
   614   2013    120 
   292   2014     95 
    79   2015     94 
   937   2011    132 
   627   2012    141 
   513   2013    118 
   339   2014     95 
    13   2015     88 
   908   2011    120 
   768   2012    141 
   459   2013    116 
   168   2014     94 
    52   2015     88 
   911   2011    117 
   632   2012    140 
   498   2013    116 
   355   2014     91 
    77   2015     86 
   903   2011    116 
   716   2012    140 
   518   2013    116 
   174   2014     90 
    78   2015     85 
   870   2011    115 
   775   2012    140 
   541   2013    116 
   216   2014     90 
   124   2015     85 
   936   2011    111 
   646   2012    139 
   503   2013    114 
   365   2014     90 
    41   2015     84 
   892   2011    109 
   679   2012    139 
   560   2013    112 
   173   2014     89 
    44   2015     84 
   895   2011    109 
   746   2012    139 
   409   2013    107 
   307   2014     89 
    45   2015     84 
   867   2011    104 
   726   2012    136 
   440   2013    106 
   317   2014     89 
     4   2015     81 
   934   2011    101 
   672   2012    135 
   530   2013    106 
   156   2014     88 
   129   2015     81 
   702   2012    135 
   430   2013    103 
   187   2014     88 
    51   2015     80 
   782   2012    135 
   457   2013    103 
   190   2014     88 
    68   2015     79 
   680   2012    134 
   578   2013    102 
   281   2014     88 
   118   2015     79 
   652   2012    133 
   415   2013    100 
   286   2014     88 
    61   2015     76 
   691   2012    133 
   424   2013    100 
   377   2014     88 
   119   2015     74 
   707   2012    132 
   609   2013     98 
   383   2014     87 
    11   2015     70 
   657   2012    131 
   583   2013     97 
   227   2014     86 
    37   2015     69 
   773   2012    131 
   442   2013     96 
   290   2014     86 
    87   2015     69 
   765   2012    130 
   396   2013     95 
   360   2014     86 
     1   2015     67 
   720   2012    129 
   416   2013     95 
   302   2014     85 
    48   2015     67 
   734   2012    129 
   468   2013     95 
   231   2014     84 
    86   2015     67 
   676   2012    128 
   613   2013     95 
   288   2014     83 
   136   2015     67 
   793   2012    127 
   443   2013     93 
   330   2014     83 
    89   2015     66 
   736   2012    126 
   467   2013     93 
   152   2014     82 
     3   2015     65 
   749   2012    126 
   425   2013     92 
   246   2014     81 
    81   2015     63 
   722   2012    123 
   469   2013     92 
   353   2014     81 
   127   2015     63 
   732   2012    123 
   593   2013     92 
   356   2014     81 
   135   2015     62 
   760   2012    123 
   432   2013     91 
   147   2014     80 
     7   2015     51 
   660   2012    122 
   465   2013     90 
   273   2014     78 
    83   2015     50 
   739   2012    122 
   575   2013     90 
   140   2014     77 
    85   2015     44 
   800   2012    121 
   428   2013     86 
   202   2014     77 
     2   2015     38 
   673   2012    120 
   434   2013     83 
   236   2014     75 
   115   2015     36 
   718   2012    120 
   447   2013     83 
   141   2014     74 
   740   2012    120 
   497   2013     83 
   177   2014     74 
   826   2012    118 
   477   2013     82 
   198   2014     73 
   683   2012    117 
   486   2013     82 
   322   2014     73 
   799   2012    116 
   462   2013     81 
   243   2014     72 
   623   2012    113 
   429   2013     79 
   245   2014     72 
   636   2012    112 
   435   2013     79 
   257   2014     72 
   700   2012    110 
   481   2013     74 
   374   2014     72 
   738   2012    109 
   417   2013     72 
   166   2014     71 
   771   2012    104 
   491   2013     72 
   211   2014     71 
   689   2012     99 
   610   2013     72 
   229   2014     70 
   769   2012     99 
   400   2013     71 
   380   2014     69 
   788   2012     99 
   406   2013     70 
   200   2014     68 
   656   2012     96 
   494   2013     68 
   325   2014     68 
   730   2012     93 
   590   2013     68 
   142   2014     66 
   747   2012     87 
   487   2013     64 
   149   2014     66 
   748   2012     84 
   414   2013     62 
   182   2014     66 
   678   2012     79 
   531   2013     59 
   209   2014     66 
   754   2012     72 
   476   2013     55 
   235   2014     66 
   725   2012     63 
   475   2013     50 
   207   2014     65 
   433   2013     48 
   161   2014     64 
   478   2013     48 
   213   2014     64 
   394   2013     46 
   376   2014     64 
   389   2014     64 
   249   2014     62 
   189   2014     60 
   181   2014     53 
   247   2014     52 
   157   2014     51 
   223   2014     51 
   151   2014     46 
   164   2014     36 
